4294967278,25
4294967278,24
4294967278,23
4294967278,22
4294967278,34
4294967278,33
4294967278,32
4294967278,31
4294967278,30
4294967278,29
4294967278,28
4294967278,27
4294967278,26
4294967294,97
4294967294,104
4294967294,106
4294967294,189
4294967294,184
4294967294,384
4294967294,156
35,2
4294967279,262
4294967279,281
4294967294,437
4294967279,259
4294967279,447
4294967294,442
4294967294,583
4294967294,427
4294967294,428
4294967294,1052
4294967294,1421
4294967294,1051
4294967294,1420
4294967294,430
4294967294,600
4294967294,423
4294967294,445
4294967294,443
4294967278,40
4294967278,39
4294967278,38
4294967278,37
4294967278,36
4294967278,35
4294967279,450
4294967279,451
4294967279,410
4294967278,255
4294967278,381
4294967294,166
4294967278,347
4294967278,380
4294967278,48
4294967278,47
4294967278,46
4294967278,45
4294967278,44
4294967278,43
4294967278,42
4294967278,41
4294967279,260
4294967278,254
4294967278,378
4294967278,377
4294967278,376
4294967278,448
4294967278,249
4294967278,250
4294967278,248
4294967278,245
43,6
43,5
4294967278,243
43,4
43,3
43,2
43,1
4294967278,241
4294967278,240
4294967278,373
4294967278,237
4294967278,233
4294967278,234
4294967278,236
4294967278,232
4294967278,230
4294967278,228
4294967294,10
4294967278,52
4294967278,51
4294967278,50
4294967278,49
4294967278,226
4294967278,224
4294967278,62
4294967278,61
4294967278,60
4294967278,59
4294967278,58
4294967278,57
4294967278,56
4294967278,55
4294967278,54
4294967278,53
4294967279,86
4294967279,85
4294967279,0
4294967279,83
4294967279,315
4294967279,80
4294967279,79
4294967279,77
4294967279,76
4294967279,70
4294967279,67
4294967279,66
4294967279,63
4294967279,61
4294967279,60
4294967278,219
4294967278,218
4294967278,216
4294967294,115
4294967278,214
4294967278,327
4294967278,213
4294967278,212
4294967278,371
4294967278,211
4294967278,370
4294967278,209
42,5
4294967278,208
42,4
42,3
42,2
42,1
4294967278,207
4294967278,325
4294967279,316
4294967279,429
4294967294,1160
4294967294,1159
4294967294,1157
4294967294,1156
4294967294,1154
4294967294,1153
4294967294,1152
4294967294,1081
4294967294,1080
4294967294,1079
4294967294,1076
4294967294,1075
4294967294,1074
4294967294,1073
4294967294,1071
4294967294,1070
4294967294,1069
4294967294,1068
4294967294,1065
4294967294,422
4294967294,401
4294967294,190
4294967294,185
4294967294,182
4294967294,173
4294967294,170
4294967294,163
4294967294,161
4294967278,323
4294967294,107
4294967278,366
4294967294,1062
4294967294,176
4294967294,1066
4294967294,1063
4294967294,162
4294967294,1053
4294967294,1155
4294967294,1158
4294967278,322
4294967278,201
4294967279,202
4294967278,200
4294967278,321
4294967278,199
4294967279,414
4294967278,197
41,4
4294967279,198
41,2
41,1
4294967278,196
4294967278,318
4294967278,0
4294967278,260
4294967279,306
4294967279,55
4294967279,54
4294967279,304
4294967279,303
4294967279,52
4294967279,396
4294967279,51
4294967279,422
4294967279,49
4294967279,48
4294967279,394
4294967279,46
4294967279,44
4294967279,42
4294967279,41
4294967279,40
4294967279,38
4294967279,37
4294967279,36
4294967279,35
4294967279,34
4294967279,30
4294967279,28
4294967279,27
4294967279,26
4294967279,24
4294967279,23
4294967279,19
4294967279,18
4294967279,16
4294967279,14
4294967279,13
4294967279,12
4294967279,11
4294967279,10
4294967279,9
4294967294,30
4294967294,145
4294967294,144
4294967294,142
4294967294,141
4294967294,136
4294967294,1083
4294967294,1059
4294967294,1057
4294967294,1056
4294967294,1055
4294967294,1054
4294967294,60
4294967278,317
4294967279,314
22,4
4294967278,192
4294967278,364
4294967279,412
4294967278,315
4294967279,426
4294967294,392
4294967294,395
4294967294,409
4294967294,396
4294967294,399
4294967294,186
4294967294,178
4294967294,154
4294967294,179
4294967294,421
4294967294,407
4294967294,398
4294967294,167
4294967294,183
4294967294,420
4294967294,415
4294967294,453
4294967294,467
4294967294,455
4294967294,111
4294967278,189
4294967278,351
4294967278,188
4294967278,187
4294967278,314
4294967278,186
4294967278,312
4294967278,184
4294967294,89
40,5
4294967278,183
40,4
40,2
40,1
4294967278,182
4294967279,182
4294967278,309
31,4
35,4
4294967278,179
4294967279,404
4294967294,29
4294967294,38
4294967294,36
4294967278,308
4294967294,425
4294967294,39
4294967294,41
4294967294,42
4294967294,393
4294967294,45
4294967294,44
4294967294,389
4294967294,386
4294967294,387
4294967294,417
4294967294,51
4294967294,52
4294967279,171
39,6
39,5
4294967279,170
39,4
39,3
39,2
39,1
4294967294,76
4294967294,469
4294967294,82
4294967294,87
4294967294,1163
4294967294,85
4294967294,99
